pos: {502.3877, 582.8118, 1042.7946}
pitch: -49.800007
yaw: 268.39999