pos: {558.44464, 470.06543, 1015.30695}
pitch: -46.000008
yaw: 273.19995